       0       0       0
       0       0       0
       6       3      17
       0       0       0
       0       0       0
       5       6      28
       1       1       4
       3       3      13
       0       0       0
       5       4      13
       3       3       9
       4       3      15
       0       0       0
       2       1       7
       0       0       0
       5       4      24
       0       0       0
       0       1      20
       0       0       0
       0       1       3
       0       0       0
